-0.000013
-0.000010
-0.000004
-0.000002
-0.000000
0.000000
-0.000001
-0.000003
-0.000005
-0.000006
-0.000009
-0.000012
-0.000013
-0.000017
-0.000018
-0.000020
-0.000021
-0.000018
-0.000017
-0.000009
-0.000004
0.000001
0.000009
0.000009
0.000012
0.000014
0.000012
0.000013
0.000011
0.000011
0.000013
0.000012
0.000016
0.000015
0.000012
0.000010
0.000003
-0.000004
-0.000009
-0.000014
-0.000020
-0.000023
-0.000022
-0.000023
-0.000020
-0.000017
-0.000016
-0.000011
-0.000010
-0.000005
0.000003
0.000009
0.000020
0.000028
0.000033
0.000036
0.000036
0.000033
0.000026
0.000021
0.000016
0.000012
0.000014
0.000010
0.000010
0.000011
0.000004
0.000002
0.000000
-0.000003
-0.000001
-0.000002
-0.000003
-0.000003
-0.000004
-0.000008
-0.000013
-0.000018
-0.000025
-0.000030
-0.000034
-0.000038
-0.000041
-0.000042
-0.000041
-0.000040
-0.000036
-0.000030
-0.000025
-0.000021
-0.000016
-0.000009
-0.000000
0.000011
0.000026
0.000036
0.000046
0.000056
0.000054
0.000049
0.000043
0.000030
0.000022
0.000013
0.000000
-0.000006
-0.000017
-0.000030
-0.000036
-0.000050
-0.000053
-0.000046
-0.000046
-0.000026
-0.000002
0.000010
0.000043
0.000054
0.000062
0.000086
0.000078
0.000085
0.000095
0.000086
0.000096
0.000080
0.000056
0.000038
-0.000014
-0.000063
-0.000111
-0.000154
-0.000180
-0.000200
-0.000193
-0.000172
-0.000143
-0.000108
-0.000079
-0.000042
-0.000012
0.000016
0.000051
0.000080
0.000122
0.000160
0.000198
0.000233
0.000251
0.000271
0.000270
0.000261
0.000240
0.000195
0.000155
0.000084
0.000013
-0.000055
-0.000144
-0.000204
-0.000279
-0.000341
-0.000368
-0.000415
-0.000409
-0.000393
-0.000376
-0.000298
-0.000239
-0.000168
-0.000085
-0.000032
0.000030
0.000072
0.000103
0.000142
0.000171
0.000204
0.000223
0.000239
0.000250
0.000244
0.000221
0.000191
0.000173
0.000124
0.000083
0.000066
0.000022
0.000012
0.000006
-0.000004
0.000014
0.000006
0.000023
0.000035
0.000025
0.000057
0.000058
0.000060
0.000083
0.000083
0.000097
0.000107
0.000116
0.000103
0.000069
0.000044
-0.000037
-0.000104
-0.000137
-0.000191
-0.000186
-0.000165
-0.000163
-0.000138
-0.000136
-0.000157
-0.000188
-0.000222
-0.000234
-0.000225
-0.000202
-0.000146
-0.000058
-0.000014
0.000002
0.000028
0.000014
-0.000003
0.000017
0.000043
0.000081
0.000127
0.000150
0.000129
0.000082
0.000002
-0.000106
-0.000184
-0.000228
-0.000231
-0.000171
-0.000094
-0.000016
0.000070
0.000123
0.000133
0.000146
0.000135
0.000119
0.000126
0.000120
0.000187
0.000227
0.000226
0.000310
0.000261
0.000224
0.000258
0.000141
0.000168
0.000170
0.000065
0.000152
0.000126
0.000125
0.000195
0.000098
0.000107
0.000037
-0.000104
-0.000104
-0.000214
-0.000265
-0.000207
-0.000201
-0.000179
-0.000166
-0.000192
-0.000264
-0.000265
-0.000241
-0.000227
-0.000102
-0.000047
0.000023
0.000119
0.000122
0.000176
0.000125
0.000063
0.000028
-0.000103
-0.000154
-0.000282
-0.000389
-0.000477
-0.000643
-0.000594
-0.000609
-0.000541
-0.000341
-0.000376
-0.000247
-0.000209
-0.000286
-0.000128
-0.000112
0.000073
0.000335
0.000445
0.000748
0.000868
0.000897
0.000978
0.000826
0.000724
0.000708
0.000668
0.000658
0.000653
0.000527
0.000321
0.000172
-0.000127
-0.000321
-0.000417
-0.000649
-0.000563
-0.000509
-0.000497
-0.000259
-0.000273
-0.000197
-0.000151
-0.000205
0.000041
0.000081
0.000174
0.000355
0.000384
0.000613
0.000580
0.000486
0.000547
0.000350
0.000208
0.000050
-0.000058
-0.000083
-0.000294
-0.000376
-0.000483
-0.000626
-0.000678
-0.000869
-0.000956
-0.001005
-0.001085
-0.001029
-0.000930
-0.000705
-0.000466
-0.000340
-0.000177
-0.000029
-0.000021
0.000001
0.000109
0.000084
0.000247
0.000623
0.000680
0.000760
0.000899
0.000604
0.000209
0.000038
-0.000112
-0.000183
-0.000027
0.000070
0.000136
0.000272
0.000329
0.000346
0.000094
-0.000221
-0.000363
-0.000393
-0.000100
0.000226
0.000790
0.001268
0.001304
0.001503
0.001106
0.000981
0.001089
0.000134
0.000311
0.000487
0.000065
0.000775
0.000427
0.000279
0.000427
-0.000563
-0.000362
-0.000906
-0.001513
-0.000712
-0.001297
-0.001068
-0.000220
-0.000538
-0.000126
0.000096
-0.000159
-0.000118
-0.000232
-0.000637
-0.000627
-0.000341
-0.000776
-0.000218
0.000131
-0.000461
0.000084
-0.000585
-0.001120
-0.001242
-0.002202
-0.001064
-0.001072
-0.001330
-0.000057
-0.000578
-0.000277
-0.000421
-0.000695
-0.000043
-0.000767
0.000510
0.000487
0.000494
0.002705
0.000739
0.000906
0.001682
-0.000609
0.000348
-0.000716
-0.001512
0.000583
0.000742
0.002450
0.003314
0.002739
0.003146
0.001673
-0.000478
-0.000251
0.000808
-0.000996
0.000389
0.002654
0.001101
0.003723
0.001889
0.000065
0.002451
-0.002931
0.000032
0.001728
-0.002464
0.004854
0.001677
0.001110
0.007495
-0.000076
0.002138
0.003302
-0.001275
0.000198
-0.004328
-0.001638
-0.003863
-0.007116
-0.000053
-0.006961
-0.004767
-0.002914
-0.012616
-0.008241
-0.014832
-0.018190
-0.010957
-0.013357
-0.006196
-0.002177
-0.003473
-0.003631
-0.001859
-0.005358
-0.014135
0.006667
-0.013078
0.004737
0.093466
-0.111382
0.264420
-0.111382
0.093466
0.004737
-0.013078
0.006667
-0.014135
-0.005358
-0.001859
-0.003631
-0.003473
-0.002177
-0.006196
-0.013357
-0.010957
-0.018190
-0.014832
-0.008241
-0.012616
-0.002914
-0.004767
-0.006961
-0.000053
-0.007116
-0.003863
-0.001638
-0.004328
0.000198
-0.001275
0.003302
0.002138
-0.000076
0.007495
0.001110
0.001677
0.004854
-0.002464
0.001728
0.000032
-0.002931
0.002451
0.000065
0.001889
0.003723
0.001101
0.002654
0.000389
-0.000996
0.000808
-0.000251
-0.000478
0.001673
0.003146
0.002739
0.003314
0.002450
0.000742
0.000583
-0.001512
-0.000716
0.000348
-0.000609
0.001682
0.000906
0.000739
0.002705
0.000494
0.000487
0.000510
-0.000767
-0.000043
-0.000695
-0.000421
-0.000277
-0.000578
-0.000057
-0.001330
-0.001072
-0.001064
-0.002202
-0.001242
-0.001120
-0.000585
0.000084
-0.000461
0.000131
-0.000218
-0.000776
-0.000341
-0.000627
-0.000637
-0.000232
-0.000118
-0.000159
0.000096
-0.000126
-0.000538
-0.000220
-0.001068
-0.001297
-0.000712
-0.001513
-0.000906
-0.000362
-0.000563
0.000427
0.000279
0.000427
0.000775
0.000065
0.000487
0.000311
0.000134
0.001089
0.000981
0.001106
0.001503
0.001304
0.001268
0.000790
0.000226
-0.000100
-0.000393
-0.000363
-0.000221
0.000094
0.000346
0.000329
0.000272
0.000136
0.000070
-0.000027
-0.000183
-0.000112
0.000038
0.000209
0.000604
0.000899
0.000760
0.000680
0.000623
0.000247
0.000084
0.000109
0.000001
-0.000021
-0.000029
-0.000177
-0.000340
-0.000466
-0.000705
-0.000930
-0.001029
-0.001085
-0.001005
-0.000956
-0.000869
-0.000678
-0.000626
-0.000483
-0.000376
-0.000294
-0.000083
-0.000058
0.000050
0.000208
0.000350
0.000547
0.000486
0.000580
0.000613
0.000384
0.000355
0.000174
0.000081
0.000041
-0.000205
-0.000151
-0.000197
-0.000273
-0.000259
-0.000497
-0.000509
-0.000563
-0.000649
-0.000417
-0.000321
-0.000127
0.000172
0.000321
0.000527
0.000653
0.000658
0.000668
0.000708
0.000724
0.000826
0.000978
0.000897
0.000868
0.000748
0.000445
0.000335
0.000073
-0.000112
-0.000128
-0.000286
-0.000209
-0.000247
-0.000376
-0.000341
-0.000541
-0.000609
-0.000594
-0.000643
-0.000477
-0.000389
-0.000282
-0.000154
-0.000103
0.000028
0.000063
0.000125
0.000176
0.000122
0.000119
0.000023
-0.000047
-0.000102
-0.000227
-0.000241
-0.000265
-0.000264
-0.000192
-0.000166
-0.000179
-0.000201
-0.000207
-0.000265
-0.000214
-0.000104
-0.000104
0.000037
0.000107
0.000098
0.000195
0.000125
0.000126
0.000152
0.000065
0.000170
0.000168
0.000141
0.000258
0.000224
0.000261
0.000310
0.000226
0.000227
0.000187
0.000120
0.000126
0.000119
0.000135
0.000146
0.000133
0.000123
0.000070
-0.000016
-0.000094
-0.000171
-0.000231
-0.000228
-0.000184
-0.000106
0.000002
0.000082
0.000129
0.000150
0.000127
0.000081
0.000043
0.000017
-0.000003
0.000014
0.000028
0.000002
-0.000014
-0.000058
-0.000146
-0.000202
-0.000225
-0.000234
-0.000222
-0.000188
-0.000157
-0.000136
-0.000138
-0.000163
-0.000165
-0.000186
-0.000191
-0.000137
-0.000104
-0.000037
0.000044
0.000069
0.000103
0.000116
0.000107
0.000097
0.000083
0.000083
0.000060
0.000058
0.000057
0.000025
0.000035
0.000023
0.000006
0.000014
-0.000004
0.000006
0.000012
0.000022
0.000066
0.000083
0.000124
0.000173
0.000191
0.000221
0.000244
0.000250
0.000239
0.000223
0.000204
0.000171
0.000142
0.000103
0.000072
0.000030
-0.000032
-0.000085
-0.000168
-0.000239
-0.000298
-0.000376
-0.000393
-0.000409
-0.000415
-0.000368
-0.000341
-0.000279
-0.000204
-0.000144
-0.000055
0.000013
0.000084
0.000155
0.000195
0.000240
0.000261
0.000270
0.000271
0.000251
0.000233
0.000198
0.000160
0.000122
0.000080
0.000051
0.000016
-0.000012
-0.000042
-0.000079
-0.000108
-0.000143
-0.000172
-0.000193
-0.000200
-0.000180
-0.000154
-0.000111
-0.000063
-0.000014
0.000038
0.000056
0.000080
0.000096
0.000086
0.000095
0.000085
0.000078
0.000086
0.000062
0.000054
0.000043
0.000010
-0.000002
-0.000026
-0.000046
-0.000046
-0.000053
-0.000050
-0.000036
-0.000030
-0.000017
-0.000006
0.000000
0.000013
0.000022
0.000030
0.000043
0.000049
0.000054
0.000056
0.000046
0.000036
0.000026
0.000011
-0.000000
-0.000009
-0.000016
-0.000021
-0.000025
-0.000030
-0.000036
-0.000040
-0.000041
-0.000042
-0.000041
-0.000038
-0.000034
-0.000030
-0.000025
-0.000018
-0.000013
-0.000008
-0.000004
-0.000003
-0.000003
-0.000002
-0.000001
-0.000003
0.000000
0.000002
0.000004
0.000011
0.000010
0.000010
0.000014
0.000012
0.000016
0.000021
0.000026
0.000033
0.000036
0.000036
0.000033
0.000028
0.000020
0.000009
0.000003
-0.000005
-0.000010
-0.000011
-0.000016
-0.000017
-0.000020
-0.000023
-0.000022
-0.000023
-0.000020
-0.000014
-0.000009
-0.000004
0.000003
0.000010
0.000012
0.000015
0.000016
0.000012
0.000013
0.000011
0.000011
0.000013
0.000012
0.000014
0.000012
0.000009
0.000009
0.000001
-0.000004
-0.000009
-0.000017
-0.000018
-0.000021
-0.000020
-0.000018
-0.000017
-0.000013
-0.000012
-0.000009
-0.000006
-0.000005
-0.000003
-0.000001
0.000000
-0.000000
-0.000002
-0.000004
-0.000010
-0.000013
