-0.000011
-0.000012
-0.000013
-0.000014
-0.000014
-0.000014
-0.000014
-0.000014
-0.000014
-0.000012
-0.000012
-0.000011
-0.000010
-0.000010
-0.000009
-0.000008
-0.000007
-0.000006
-0.000004
-0.000002
-0.000001
0.000002
0.000005
0.000005
0.000007
0.000008
0.000008
0.000007
0.000004
0.000001
-0.000003
-0.000006
-0.000006
-0.000007
-0.000005
-0.000001
0.000004
0.000009
0.000014
0.000016
0.000015
0.000012
0.000009
0.000005
0.000002
0.000001
0.000001
0.000004
0.000006
0.000008
0.000011
0.000011
0.000011
0.000011
0.000009
0.000007
0.000006
0.000004
0.000002
0.000001
-0.000004
-0.000009
-0.000011
-0.000015
-0.000016
-0.000012
-0.000008
-0.000002
0.000006
0.000012
0.000015
0.000015
0.000008
-0.000001
-0.000010
-0.000019
-0.000027
-0.000029
-0.000026
-0.000024
-0.000016
-0.000010
-0.000008
-0.000005
-0.000005
-0.000007
-0.000007
-0.000006
-0.000002
0.000002
0.000007
0.000014
0.000016
0.000019
0.000019
0.000010
0.000004
-0.000001
-0.000011
-0.000015
-0.000015
-0.000014
-0.000008
-0.000004
-0.000002
-0.000002
-0.000006
-0.000014
-0.000021
-0.000024
-0.000020
-0.000013
0.000004
0.000023
0.000043
0.000060
0.000068
0.000068
0.000064
0.000055
0.000043
0.000031
0.000023
0.000018
0.000012
0.000002
-0.000011
-0.000028
-0.000053
-0.000084
-0.000107
-0.000119
-0.000126
-0.000117
-0.000093
-0.000058
-0.000015
0.000026
0.000065
0.000100
0.000123
0.000139
0.000142
0.000137
0.000129
0.000115
0.000103
0.000088
0.000074
0.000070
0.000064
0.000055
0.000040
0.000015
-0.000018
-0.000066
-0.000119
-0.000170
-0.000213
-0.000240
-0.000254
-0.000243
-0.000219
-0.000190
-0.000146
-0.000114
-0.000089
-0.000060
-0.000045
-0.000033
-0.000022
-0.000009
0.000008
0.000013
0.000023
0.000038
0.000050
0.000068
0.000080
0.000099
0.000122
0.000134
0.000145
0.000152
0.000156
0.000149
0.000135
0.000133
0.000127
0.000129
0.000149
0.000161
0.000169
0.000168
0.000152
0.000121
0.000080
0.000045
0.000007
-0.000035
-0.000054
-0.000068
-0.000080
-0.000071
-0.000062
-0.000065
-0.000063
-0.000069
-0.000099
-0.000129
-0.000151
-0.000175
-0.000177
-0.000164
-0.000155
-0.000132
-0.000116
-0.000122
-0.000130
-0.000146
-0.000149
-0.000128
-0.000107
-0.000058
0.000016
0.000066
0.000088
0.000100
0.000089
0.000041
0.000001
-0.000020
-0.000055
-0.000062
-0.000047
-0.000064
-0.000057
-0.000044
-0.000055
-0.000028
0.000014
0.000054
0.000111
0.000139
0.000142
0.000120
0.000076
0.000038
0.000000
-0.000003
0.000027
0.000054
0.000116
0.000183
0.000212
0.000235
0.000223
0.000162
0.000105
0.000049
0.000003
0.000025
0.000101
0.000173
0.000248
0.000327
0.000329
0.000263
0.000200
0.000092
-0.000045
-0.000131
-0.000198
-0.000234
-0.000207
-0.000143
-0.000078
-0.000055
-0.000058
-0.000110
-0.000204
-0.000258
-0.000318
-0.000345
-0.000299
-0.000269
-0.000210
-0.000145
-0.000118
-0.000082
-0.000086
-0.000114
-0.000156
-0.000229
-0.000273
-0.000314
-0.000336
-0.000346
-0.000357
-0.000299
-0.000220
-0.000112
0.000016
0.000096
0.000185
0.000241
0.000274
0.000313
0.000340
0.000424
0.000471
0.000508
0.000568
0.000508
0.000452
0.000373
0.000190
0.000070
-0.000013
-0.000045
0.000004
0.000042
0.000086
0.000100
0.000092
0.000051
-0.000037
-0.000112
-0.000231
-0.000291
-0.000248
-0.000193
-0.000019
0.000173
0.000306
0.000464
0.000553
0.000587
0.000521
0.000307
0.000131
0.000013
-0.000057
-0.000069
-0.000049
0.000059
0.000113
-0.000007
-0.000167
-0.000369
-0.000654
-0.000906
-0.001009
-0.000934
-0.000739
-0.000479
-0.000207
-0.000027
0.000027
-0.000031
-0.000176
-0.000320
-0.000357
-0.000293
-0.000233
-0.000135
0.000016
0.000061
0.000085
0.000083
-0.000039
-0.000038
-0.000028
-0.000182
-0.000184
-0.000085
-0.000102
-0.000110
-0.000006
0.000082
0.000050
0.000100
0.000107
-0.000050
0.000037
0.000237
0.000370
0.000567
0.000597
0.000687
0.000887
0.000800
0.000817
0.000900
0.000672
0.000541
0.000469
0.000388
0.000653
0.000854
0.000707
0.000584
0.000551
0.000385
0.000050
-0.000126
-0.000233
-0.000484
-0.000424
-0.000302
-0.000419
-0.000259
-0.000111
-0.000324
-0.000599
-0.000740
-0.000875
-0.001113
-0.000840
-0.000408
-0.000313
0.000084
0.000104
-0.000167
-0.000087
-0.000532
-0.000833
-0.000740
-0.000926
-0.000768
-0.000453
-0.000249
-0.000309
-0.000318
0.000050
-0.000468
-0.000968
-0.000843
-0.001274
-0.001218
-0.000870
-0.000861
-0.000390
0.000201
0.000349
-0.000044
0.000245
0.000518
-0.000348
-0.000009
0.000423
-0.000058
0.000290
0.000311
0.000531
0.001169
0.001619
0.002366
0.001982
0.002122
0.002628
0.001278
0.000651
0.000508
0.000580
0.001267
0.000876
0.001625
0.002809
0.002501
0.002404
0.002054
0.001240
0.000093
-0.000118
0.000602
0.000486
0.002087
0.002910
0.002321
0.004262
0.002279
-0.000696
0.001195
-0.001246
-0.004013
-0.002073
-0.003673
-0.004905
-0.003518
-0.004427
-0.005362
-0.007155
-0.009209
-0.011162
-0.014531
-0.013216
-0.011453
-0.009837
-0.003343
-0.003509
-0.002007
0.001397
-0.005699
-0.001993
-0.005129
-0.012926
0.003841
-0.008859
0.008140
0.064646
-0.054834
0.180218
-0.054834
0.064646
0.008140
-0.008859
0.003841
-0.012926
-0.005129
-0.001993
-0.005699
0.001397
-0.002007
-0.003509
-0.003343
-0.009837
-0.011453
-0.013216
-0.014531
-0.011162
-0.009209
-0.007155
-0.005362
-0.004427
-0.003518
-0.004905
-0.003673
-0.002073
-0.004013
-0.001246
0.001195
-0.000696
0.002279
0.004262
0.002321
0.002910
0.002087
0.000486
0.000602
-0.000118
0.000093
0.001240
0.002054
0.002404
0.002501
0.002809
0.001625
0.000876
0.001267
0.000580
0.000508
0.000651
0.001278
0.002628
0.002122
0.001982
0.002366
0.001619
0.001169
0.000531
0.000311
0.000290
-0.000058
0.000423
-0.000009
-0.000348
0.000518
0.000245
-0.000044
0.000349
0.000201
-0.000390
-0.000861
-0.000870
-0.001218
-0.001274
-0.000843
-0.000968
-0.000468
0.000050
-0.000318
-0.000309
-0.000249
-0.000453
-0.000768
-0.000926
-0.000740
-0.000833
-0.000532
-0.000087
-0.000167
0.000104
0.000084
-0.000313
-0.000408
-0.000840
-0.001113
-0.000875
-0.000740
-0.000599
-0.000324
-0.000111
-0.000259
-0.000419
-0.000302
-0.000424
-0.000484
-0.000233
-0.000126
0.000050
0.000385
0.000551
0.000584
0.000707
0.000854
0.000653
0.000388
0.000469
0.000541
0.000672
0.000900
0.000817
0.000800
0.000887
0.000687
0.000597
0.000567
0.000370
0.000237
0.000037
-0.000050
0.000107
0.000100
0.000050
0.000082
-0.000006
-0.000110
-0.000102
-0.000085
-0.000184
-0.000182
-0.000028
-0.000038
-0.000039
0.000083
0.000085
0.000061
0.000016
-0.000135
-0.000233
-0.000293
-0.000357
-0.000320
-0.000176
-0.000031
0.000027
-0.000027
-0.000207
-0.000479
-0.000739
-0.000934
-0.001009
-0.000906
-0.000654
-0.000369
-0.000167
-0.000007
0.000113
0.000059
-0.000049
-0.000069
-0.000057
0.000013
0.000131
0.000307
0.000521
0.000587
0.000553
0.000464
0.000306
0.000173
-0.000019
-0.000193
-0.000248
-0.000291
-0.000231
-0.000112
-0.000037
0.000051
0.000092
0.000100
0.000086
0.000042
0.000004
-0.000045
-0.000013
0.000070
0.000190
0.000373
0.000452
0.000508
0.000568
0.000508
0.000471
0.000424
0.000340
0.000313
0.000274
0.000241
0.000185
0.000096
0.000016
-0.000112
-0.000220
-0.000299
-0.000357
-0.000346
-0.000336
-0.000314
-0.000273
-0.000229
-0.000156
-0.000114
-0.000086
-0.000082
-0.000118
-0.000145
-0.000210
-0.000269
-0.000299
-0.000345
-0.000318
-0.000258
-0.000204
-0.000110
-0.000058
-0.000055
-0.000078
-0.000143
-0.000207
-0.000234
-0.000198
-0.000131
-0.000045
0.000092
0.000200
0.000263
0.000329
0.000327
0.000248
0.000173
0.000101
0.000025
0.000003
0.000049
0.000105
0.000162
0.000223
0.000235
0.000212
0.000183
0.000116
0.000054
0.000027
-0.000003
0.000000
0.000038
0.000076
0.000120
0.000142
0.000139
0.000111
0.000054
0.000014
-0.000028
-0.000055
-0.000044
-0.000057
-0.000064
-0.000047
-0.000062
-0.000055
-0.000020
0.000001
0.000041
0.000089
0.000100
0.000088
0.000066
0.000016
-0.000058
-0.000107
-0.000128
-0.000149
-0.000146
-0.000130
-0.000122
-0.000116
-0.000132
-0.000155
-0.000164
-0.000177
-0.000175
-0.000151
-0.000129
-0.000099
-0.000069
-0.000063
-0.000065
-0.000062
-0.000071
-0.000080
-0.000068
-0.000054
-0.000035
0.000007
0.000045
0.000080
0.000121
0.000152
0.000168
0.000169
0.000161
0.000149
0.000129
0.000127
0.000133
0.000135
0.000149
0.000156
0.000152
0.000145
0.000134
0.000122
0.000099
0.000080
0.000068
0.000050
0.000038
0.000023
0.000013
0.000008
-0.000009
-0.000022
-0.000033
-0.000045
-0.000060
-0.000089
-0.000114
-0.000146
-0.000190
-0.000219
-0.000243
-0.000254
-0.000240
-0.000213
-0.000170
-0.000119
-0.000066
-0.000018
0.000015
0.000040
0.000055
0.000064
0.000070
0.000074
0.000088
0.000103
0.000115
0.000129
0.000137
0.000142
0.000139
0.000123
0.000100
0.000065
0.000026
-0.000015
-0.000058
-0.000093
-0.000117
-0.000126
-0.000119
-0.000107
-0.000084
-0.000053
-0.000028
-0.000011
0.000002
0.000012
0.000018
0.000023
0.000031
0.000043
0.000055
0.000064
0.000068
0.000068
0.000060
0.000043
0.000023
0.000004
-0.000013
-0.000020
-0.000024
-0.000021
-0.000014
-0.000006
-0.000002
-0.000002
-0.000004
-0.000008
-0.000014
-0.000015
-0.000015
-0.000011
-0.000001
0.000004
0.000010
0.000019
0.000019
0.000016
0.000014
0.000007
0.000002
-0.000002
-0.000006
-0.000007
-0.000007
-0.000005
-0.000005
-0.000008
-0.000010
-0.000016
-0.000024
-0.000026
-0.000029
-0.000027
-0.000019
-0.000010
-0.000001
0.000008
0.000015
0.000015
0.000012
0.000006
-0.000002
-0.000008
-0.000012
-0.000016
-0.000015
-0.000011
-0.000009
-0.000004
0.000001
0.000002
0.000004
0.000006
0.000007
0.000009
0.000011
0.000011
0.000011
0.000011
0.000008
0.000006
0.000004
0.000001
0.000001
0.000002
0.000005
0.000009
0.000012
0.000015
0.000016
0.000014
0.000009
0.000004
-0.000001
-0.000005
-0.000007
-0.000006
-0.000006
-0.000003
0.000001
0.000004
0.000007
0.000008
0.000008
0.000007
0.000005
0.000005
0.000002
-0.000001
-0.000002
-0.000004
-0.000006
-0.000007
-0.000008
-0.000009
-0.000010
-0.000010
-0.000011
-0.000012
-0.000012
-0.000014
-0.000014
-0.000014
-0.000014
-0.000014
-0.000014
-0.000013
-0.000012
-0.000011
