-0.000007
-0.000005
-0.000002
-0.000002
-0.000004
-0.000005
-0.000009
-0.000013
-0.000015
-0.000017
-0.000018
-0.000020
-0.000020
-0.000019
-0.000019
-0.000017
-0.000014
-0.000012
-0.000007
-0.000002
0.000002
0.000006
0.000009
0.000010
0.000010
0.000010
0.000008
0.000005
0.000004
0.000003
0.000003
0.000005
0.000008
0.000011
0.000014
0.000017
0.000019
0.000018
0.000017
0.000014
0.000008
0.000002
-0.000003
-0.000006
-0.000008
-0.000009
-0.000007
-0.000006
-0.000004
-0.000002
-0.000001
-0.000000
-0.000001
0.000001
0.000000
-0.000001
0.000000
-0.000001
-0.000002
0.000000
-0.000003
-0.000003
-0.000000
-0.000001
0.000001
0.000004
0.000004
0.000006
0.000009
0.000012
0.000013
0.000015
0.000015
0.000012
0.000013
0.000010
0.000004
0.000003
-0.000002
-0.000011
-0.000017
-0.000024
-0.000034
-0.000039
-0.000044
-0.000047
-0.000042
-0.000036
-0.000028
-0.000019
-0.000012
-0.000004
-0.000001
0.000003
0.000009
0.000010
0.000017
0.000023
0.000026
0.000034
0.000035
0.000036
0.000032
0.000023
0.000016
-0.000001
-0.000014
-0.000023
-0.000035
-0.000033
-0.000027
-0.000019
-0.000002
0.000012
0.000028
0.000038
0.000043
0.000045
0.000040
0.000044
0.000043
0.000042
0.000055
0.000058
0.000061
0.000058
0.000036
0.000015
-0.000026
-0.000078
-0.000120
-0.000158
-0.000180
-0.000191
-0.000180
-0.000150
-0.000118
-0.000077
-0.000040
-0.000005
0.000033
0.000058
0.000087
0.000117
0.000141
0.000173
0.000199
0.000220
0.000235
0.000240
0.000241
0.000228
0.000205
0.000172
0.000125
0.000072
0.000001
-0.000076
-0.000149
-0.000226
-0.000290
-0.000335
-0.000366
-0.000374
-0.000364
-0.000343
-0.000311
-0.000265
-0.000216
-0.000173
-0.000120
-0.000067
-0.000022
0.000024
0.000065
0.000109
0.000152
0.000179
0.000199
0.000204
0.000203
0.000195
0.000169
0.000156
0.000150
0.000135
0.000130
0.000126
0.000118
0.000111
0.000110
0.000111
0.000098
0.000095
0.000099
0.000089
0.000094
0.000097
0.000088
0.000082
0.000071
0.000061
0.000038
0.000026
0.000030
-0.000002
-0.000020
-0.000039
-0.000097
-0.000140
-0.000187
-0.000236
-0.000250
-0.000258
-0.000252
-0.000227
-0.000198
-0.000170
-0.000150
-0.000135
-0.000129
-0.000128
-0.000138
-0.000148
-0.000129
-0.000109
-0.000086
-0.000026
0.000049
0.000101
0.000157
0.000198
0.000164
0.000130
0.000086
-0.000011
-0.000036
-0.000050
-0.000087
-0.000046
-0.000010
0.000023
0.000078
0.000104
0.000124
0.000106
0.000092
0.000075
0.000032
0.000055
0.000039
0.000008
0.000033
0.000009
0.000011
0.000042
0.000065
0.000117
0.000143
0.000181
0.000194
0.000189
0.000223
0.000192
0.000189
0.000220
0.000201
0.000219
0.000221
0.000219
0.000196
0.000114
0.000070
-0.000046
-0.000170
-0.000185
-0.000242
-0.000258
-0.000214
-0.000217
-0.000209
-0.000199
-0.000209
-0.000247
-0.000272
-0.000273
-0.000309
-0.000276
-0.000221
-0.000199
-0.000113
-0.000066
-0.000064
-0.000062
-0.000142
-0.000234
-0.000326
-0.000441
-0.000513
-0.000528
-0.000468
-0.000354
-0.000193
-0.000031
0.000064
0.000162
0.000220
0.000222
0.000284
0.000334
0.000384
0.000514
0.000646
0.000741
0.000801
0.000818
0.000739
0.000600
0.000482
0.000311
0.000192
0.000154
0.000053
0.000019
-0.000010
-0.000095
-0.000117
-0.000252
-0.000418
-0.000467
-0.000478
-0.000392
-0.000281
-0.000159
-0.000032
0.000034
0.000142
0.000186
0.000196
0.000211
0.000155
0.000232
0.000296
0.000284
0.000345
0.000325
0.000312
0.000185
-0.000032
-0.000088
-0.000300
-0.000534
-0.000625
-0.000744
-0.000702
-0.000648
-0.000600
-0.000460
-0.000431
-0.000419
-0.000472
-0.000543
-0.000467
-0.000444
-0.000428
-0.000285
-0.000092
0.000049
0.000211
0.000376
0.000353
0.000382
0.000401
0.000223
0.000163
0.000169
0.000097
-0.000036
-0.000004
0.000117
0.000007
0.000176
0.000254
-0.000051
0.000010
-0.000120
-0.000288
-0.000193
-0.000378
-0.000095
0.000324
0.000461
0.000896
0.001068
0.001050
0.000984
0.000786
0.000745
0.000717
0.000935
0.000807
0.000524
0.000918
0.000779
0.000502
0.000580
0.000096
-0.000238
-0.000393
-0.000617
-0.000684
-0.000639
-0.000357
-0.000588
-0.000699
-0.000430
-0.000920
-0.000920
-0.000580
-0.000757
-0.000450
-0.000303
-0.000427
-0.000273
-0.000219
-0.000183
-0.000329
-0.000410
-0.000531
-0.000869
-0.000713
-0.000694
-0.000932
-0.000742
-0.000440
-0.000356
-0.000724
-0.000742
-0.000548
-0.000990
-0.000833
-0.000738
-0.000994
0.000091
0.000653
0.000196
0.000754
0.001146
0.000480
0.000198
0.000433
-0.000289
-0.000866
-0.000115
-0.000263
0.000075
0.001876
0.002226
0.002631
0.003238
0.002403
0.001439
0.000483
0.000579
0.000703
0.000237
0.001116
0.001672
0.002852
0.003121
0.001823
0.002998
0.001111
-0.001039
0.000709
-0.000784
0.000091
0.002545
0.001819
0.003806
0.004661
0.003115
0.000828
0.000449
0.000340
-0.005278
-0.003054
-0.002053
-0.007511
-0.001500
-0.003758
-0.006754
-0.002464
-0.010825
-0.009602
-0.012725
-0.019453
-0.009506
-0.014785
-0.007267
0.001064
-0.009038
0.005260
-0.004659
-0.007454
0.003337
-0.022053
0.008477
-0.005583
-0.009273
0.103039
-0.107967
0.247925
-0.107967
0.103039
-0.009273
-0.005583
0.008477
-0.022053
0.003337
-0.007454
-0.004659
0.005260
-0.009038
0.001064
-0.007267
-0.014785
-0.009506
-0.019453
-0.012725
-0.009602
-0.010825
-0.002464
-0.006754
-0.003758
-0.001500
-0.007511
-0.002053
-0.003054
-0.005278
0.000340
0.000449
0.000828
0.003115
0.004661
0.003806
0.001819
0.002545
0.000091
-0.000784
0.000709
-0.001039
0.001111
0.002998
0.001823
0.003121
0.002852
0.001672
0.001116
0.000237
0.000703
0.000579
0.000483
0.001439
0.002403
0.003238
0.002631
0.002226
0.001876
0.000075
-0.000263
-0.000115
-0.000866
-0.000289
0.000433
0.000198
0.000480
0.001146
0.000754
0.000196
0.000653
0.000091
-0.000994
-0.000738
-0.000833
-0.000990
-0.000548
-0.000742
-0.000724
-0.000356
-0.000440
-0.000742
-0.000932
-0.000694
-0.000713
-0.000869
-0.000531
-0.000410
-0.000329
-0.000183
-0.000219
-0.000273
-0.000427
-0.000303
-0.000450
-0.000757
-0.000580
-0.000920
-0.000920
-0.000430
-0.000699
-0.000588
-0.000357
-0.000639
-0.000684
-0.000617
-0.000393
-0.000238
0.000096
0.000580
0.000502
0.000779
0.000918
0.000524
0.000807
0.000935
0.000717
0.000745
0.000786
0.000984
0.001050
0.001068
0.000896
0.000461
0.000324
-0.000095
-0.000378
-0.000193
-0.000288
-0.000120
0.000010
-0.000051
0.000254
0.000176
0.000007
0.000117
-0.000004
-0.000036
0.000097
0.000169
0.000163
0.000223
0.000401
0.000382
0.000353
0.000376
0.000211
0.000049
-0.000092
-0.000285
-0.000428
-0.000444
-0.000467
-0.000543
-0.000472
-0.000419
-0.000431
-0.000460
-0.000600
-0.000648
-0.000702
-0.000744
-0.000625
-0.000534
-0.000300
-0.000088
-0.000032
0.000185
0.000312
0.000325
0.000345
0.000284
0.000296
0.000232
0.000155
0.000211
0.000196
0.000186
0.000142
0.000034
-0.000032
-0.000159
-0.000281
-0.000392
-0.000478
-0.000467
-0.000418
-0.000252
-0.000117
-0.000095
-0.000010
0.000019
0.000053
0.000154
0.000192
0.000311
0.000482
0.000600
0.000739
0.000818
0.000801
0.000741
0.000646
0.000514
0.000384
0.000334
0.000284
0.000222
0.000220
0.000162
0.000064
-0.000031
-0.000193
-0.000354
-0.000468
-0.000528
-0.000513
-0.000441
-0.000326
-0.000234
-0.000142
-0.000062
-0.000064
-0.000066
-0.000113
-0.000199
-0.000221
-0.000276
-0.000309
-0.000273
-0.000272
-0.000247
-0.000209
-0.000199
-0.000209
-0.000217
-0.000214
-0.000258
-0.000242
-0.000185
-0.000170
-0.000046
0.000070
0.000114
0.000196
0.000219
0.000221
0.000219
0.000201
0.000220
0.000189
0.000192
0.000223
0.000189
0.000194
0.000181
0.000143
0.000117
0.000065
0.000042
0.000011
0.000009
0.000033
0.000008
0.000039
0.000055
0.000032
0.000075
0.000092
0.000106
0.000124
0.000104
0.000078
0.000023
-0.000010
-0.000046
-0.000087
-0.000050
-0.000036
-0.000011
0.000086
0.000130
0.000164
0.000198
0.000157
0.000101
0.000049
-0.000026
-0.000086
-0.000109
-0.000129
-0.000148
-0.000138
-0.000128
-0.000129
-0.000135
-0.000150
-0.000170
-0.000198
-0.000227
-0.000252
-0.000258
-0.000250
-0.000236
-0.000187
-0.000140
-0.000097
-0.000039
-0.000020
-0.000002
0.000030
0.000026
0.000038
0.000061
0.000071
0.000082
0.000088
0.000097
0.000094
0.000089
0.000099
0.000095
0.000098
0.000111
0.000110
0.000111
0.000118
0.000126
0.000130
0.000135
0.000150
0.000156
0.000169
0.000195
0.000203
0.000204
0.000199
0.000179
0.000152
0.000109
0.000065
0.000024
-0.000022
-0.000067
-0.000120
-0.000173
-0.000216
-0.000265
-0.000311
-0.000343
-0.000364
-0.000374
-0.000366
-0.000335
-0.000290
-0.000226
-0.000149
-0.000076
0.000001
0.000072
0.000125
0.000172
0.000205
0.000228
0.000241
0.000240
0.000235
0.000220
0.000199
0.000173
0.000141
0.000117
0.000087
0.000058
0.000033
-0.000005
-0.000040
-0.000077
-0.000118
-0.000150
-0.000180
-0.000191
-0.000180
-0.000158
-0.000120
-0.000078
-0.000026
0.000015
0.000036
0.000058
0.000061
0.000058
0.000055
0.000042
0.000043
0.000044
0.000040
0.000045
0.000043
0.000038
0.000028
0.000012
-0.000002
-0.000019
-0.000027
-0.000033
-0.000035
-0.000023
-0.000014
-0.000001
0.000016
0.000023
0.000032
0.000036
0.000035
0.000034
0.000026
0.000023
0.000017
0.000010
0.000009
0.000003
-0.000001
-0.000004
-0.000012
-0.000019
-0.000028
-0.000036
-0.000042
-0.000047
-0.000044
-0.000039
-0.000034
-0.000024
-0.000017
-0.000011
-0.000002
0.000003
0.000004
0.000010
0.000013
0.000012
0.000015
0.000015
0.000013
0.000012
0.000009
0.000006
0.000004
0.000004
0.000001
-0.000001
-0.000000
-0.000003
-0.000003
0.000000
-0.000002
-0.000001
0.000000
-0.000001
0.000000
0.000001
-0.000001
-0.000000
-0.000001
-0.000002
-0.000004
-0.000006
-0.000007
-0.000009
-0.000008
-0.000006
-0.000003
0.000002
0.000008
0.000014
0.000017
0.000018
0.000019
0.000017
0.000014
0.000011
0.000008
0.000005
0.000003
0.000003
0.000004
0.000005
0.000008
0.000010
0.000010
0.000010
0.000009
0.000006
0.000002
-0.000002
-0.000007
-0.000012
-0.000014
-0.000017
-0.000019
-0.000019
-0.000020
-0.000020
-0.000018
-0.000017
-0.000015
-0.000013
-0.000009
-0.000005
-0.000004
-0.000002
-0.000002
-0.000005
-0.000007
